# This file may be used to create an environment using:
# $ conda create --name <env> --file <this file>
# platform: win-64
# created-by: conda 24.9.2
alabaster=1.0.0=pyhd8ed1ab_0
altgraph=0.17.4=pyhd8ed1ab_0
babel=2.16.0=pyhd8ed1ab_0
brotli-python=1.1.0=py312h275cf98_2
bzip2=1.0.8=h2466b09_7
ca-certificates=2024.8.30=h56e8100_0
certifi=2024.8.30=pyhd8ed1ab_0
cffi=1.17.1=py312h4389bb4_0
charset-normalizer=3.4.0=pyhd8ed1ab_0
colorama=0.4.6=pyhd8ed1ab_0
docutils=0.21.2=pyhd8ed1ab_0
future=1.0.0=pyhd8ed1ab_0
h2=4.1.0=pyhd8ed1ab_0
hpack=4.0.0=pyh9f0ad1d_0
hyperframe=6.0.1=pyhd8ed1ab_0
idna=3.10=pyhd8ed1ab_0
imagesize=1.4.1=pyhd8ed1ab_0
importlib-metadata=8.5.0=pyha770c72_0
jinja2=3.1.4=pyhd8ed1ab_0
libexpat=2.6.4=he0c23c2_0
libffi=3.4.2=h8ffe710_5
libsqlite=3.47.0=h2466b09_1
libzlib=1.3.1=h2466b09_2
markupsafe=3.0.2=py312h31fea79_0
openssl=3.4.0=h2466b09_0
packaging=24.2=pyhff2d567_1
pefile=2023.2.7=pyhd8ed1ab_0
pip=24.3.1=pyh8b19718_0
pycparser=2.22=pyhd8ed1ab_0
pygments=2.18.0=pyhd8ed1ab_0
pyinstaller=6.11.1=py312h42d2eef_0
pyinstaller-hooks-contrib=2024.10=pyhd8ed1ab_0
pysocks=1.7.1=pyh0701188_6
python=3.12.7=hce54a09_0_cpython
python_abi=3.12=5_cp312
pytz=2024.2=pyhd8ed1ab_0
pywin32=307=py312h275cf98_3
pywin32-ctypes=0.2.3=py312h2e8e312_1
requests=2.32.3=pyhd8ed1ab_0
setuptools=75.6.0=pyhff2d567_0
snowballstemmer=2.2.0=pyhd8ed1ab_0
sphinx=8.1.3=pyhd8ed1ab_0
sphinxcontrib-applehelp=2.0.0=pyhd8ed1ab_0
sphinxcontrib-devhelp=2.0.0=pyhd8ed1ab_0
sphinxcontrib-htmlhelp=2.1.0=pyhd8ed1ab_0
sphinxcontrib-jsmath=1.0.1=pyhd8ed1ab_0
sphinxcontrib-qthelp=2.0.0=pyhd8ed1ab_0
sphinxcontrib-serializinghtml=1.1.10=pyhd8ed1ab_0
tk=8.6.13=h5226925_1
tomli=2.1.0=pyhff2d567_0
tzdata=2024b=hc8b5060_0
ucrt=10.0.22621.0=h57928b3_1
urllib3=2.2.3=pyhd8ed1ab_0
vc=14.3=ha32ba9b_23
vc14_runtime=14.42.34433=he29a5d6_23
vs2015_runtime=14.42.34433=hdffcdeb_23
wheel=0.45.1=pyhd8ed1ab_0
win_inet_pton=1.1.0=pyh7428d3b_7
xz=5.2.6=h8d14728_0
zipp=3.21.0=pyhd8ed1ab_0
zstandard=0.23.0=py312h7606c53_1
zstd=1.5.6=h0ea2cb4_0
pytorch=2.5.1=py3.11_cpu_0
pytorch-mutex=1.0=cpu
torchaudio=2.5.1=py311_cpu
torchvision=0.20.1=py311_cpu
tqdm=4.67.1=pypi_0

